300 3
2 1 Sphere
0.7724421291557115 0.5627038344298984 0.2944444800353378
1
110.432655 -7.021888 31.536503 12.999990
100 1 2 3 4 5 6 7 8 9 10 11 12 13 14 15 16 17 18 19 20 21 22 23 24 25 26 27 28 29 30 31 32 33 34 35 36 37 38 39 40 41 42 43 44 45 46 47 48 49 50 56 60 67 69 75 81 84 88 89 95 97 98 109 110 115 124 127 128 131 134 135 136 142 147 161 168 170 184 189 192 193 197 201 207 208 209 223 224 233 242 246 247 250 253 256 278 279 283 287 291
2 1 Sphere
0.41793343666969907 -0.4703449632567288 0.7772433711859374
1
10.156024 11.117733 9.241881 12.999994
100 51 52 53 54 57 59 62 65 66 68 70 72 73 76 78 80 82 85 87 90 92 94 100 102 104 107 108 112 113 114 116 118 120 121 123 129 133 137 138 139 140 141 145 146 149 150 151 152 153 157 158 159 162 163 165 171 173 174 176 177 181 182 185 187 188 190 196 198 200 202 210 212 215 219 220 226 227 229 234 235 240 243 244 245 257 258 259 262 265 266 270 271 273 274 276 277 284 292 298 300
2 1 Sphere
0.05885374797366492 0.995808957868129 -0.0700053982135896
1
60.270836 47.024574 57.02752 12.999967
100 55 58 61 63 64 71 74 77 79 83 86 91 93 96 99 101 103 105 106 111 117 119 122 125 126 130 132 143 144 148 154 155 156 160 164 166 167 169 172 175 178 179 180 183 186 191 194 195 199 203 204 205 206 211 213 214 216 217 218 221 222 225 228 230 231 232 236 237 238 239 241 248 249 251 252 254 255 260 261 263 264 267 268 269 272 275 280 281 282 285 286 288 289 290 293 294 295 296 297 299
0
