5001 5
3 1 Sphere
-0.05956586848609828 0.962159069119983 0.19286431259443843 0.18304422948877533
1
196.79678 42.702454 -71.97618 -56.95734 15.997060
1000 1751 1753 1756 1758 1759 1762 1767 1773 1777 1782 1785 1791 1796 1802 1803 1806 1807 1808 1811 1816 1817 1818 1825 1826 1829 1831 1832 1840 1844 1848 1851 1855 1859 1862 1868 1872 1875 1884 1887 1888 1893 1906 1910 1913 1914 1920 1921 1934 1938 1939 1946 1954 1960 1961 1962 1964 1977 1982 1985 1990 1993 1995 2002 2006 2007 2018 2023 2024 2025 2033 2034 2037 2040 2048 2049 2052 2054 2056 2057 2059 2060 2061 2064 2067 2068 2069 2076 2077 2080 2084 2086 2092 2102 2106 2107 2110 2112 2117 2118 2119 2120 2123 2127 2128 2131 2132 2141 2147 2151 2159 2161 2162 2164 2165 2169 2174 2177 2178 2181 2188 2190 2201 2206 2209 2210 2213 2214 2217 2219 2220 2222 2229 2233 2237 2244 2252 2259 2261 2263 2266 2269 2272 2274 2276 2280 2281 2282 2283 2284 2288 2291 2293 2300 2302 2307 2308 2311 2316 2319 2322 2329 2332 2336 2337 2341 2344 2349 2350 2351 2357 2364 2365 2367 2369 2370 2371 2372 2373 2378 2381 2383 2384 2386 2392 2394 2397 2398 2400 2404 2408 2410 2413 2417 2423 2430 2431 2441 2442 2448 2449 2451 2452 2455 2459 2463 2464 2466 2470 2471 2478 2479 2480 2485 2488 2489 2491 2492 2498 2499 2500 2505 2508 2518 2522 2532 2536 2539 2541 2549 2556 2563 2565 2567 2568 2574 2576 2579 2580 2581 2585 2588 2590 2594 2595 2597 2602 2606 2610 2616 2620 2622 2629 2631 2633 2638 2646 2652 2661 2662 2663 2664 2668 2672 2673 2681 2685 2686 2690 2691 2695 2702 2703 2706 2707 2709 2710 2713 2715 2716 2723 2724 2726 2730 2731 2732 2733 2734 2735 2736 2737 2738 2739 2742 2744 2745 2747 2748 2749 2759 2762 2765 2766 2768 2776 2780 2781 2789 2792 2811 2813 2816 2818 2819 2821 2838 2839 2845 2854 2856 2866 2867 2869 2870 2874 2883 2890 2894 2895 2896 2900 2903 2905 2907 2912 2913 2914 2917 2920 2921 2926 2927 2932 2939 2941 2942 2944 2947 2951 2961 2962 2964 2965 2966 2968 2969 2971 2972 2976 2982 2987 2990 2993 2994 2998 2999 3002 3004 3005 3007 3009 3010 3011 3013 3014 3015 3019 3023 3028 3032 3035 3036 3038 3040 3041 3047 3051 3052 3053 3054 3058 3069 3070 3082 3084 3088 3089 3091 3093 3099 3101 3103 3108 3109 3110 3111 3112 3116 3118 3120 3124 3125 3126 3128 3130 3132 3140 3145 3146 3149 3150 3152 3157 3158 3159 3161 3164 3167 3172 3175 3176 3177 3179 3189 3191 3195 3196 3198 3199 3203 3208 3213 3215 3216 3222 3223 3229 3230 3231 3238 3240 3244 3252 3253 3255 3261 3263 3267 3270 3272 3275 3276 3280 3282 3285 3287 3288 3290 3293 3298 3300 3301 3304 3305 3306 3308 3309 3314 3323 3325 3327 3336 3339 3343 3345 3347 3350 3351 3353 3358 3361 3362 3364 3365 3378 3382 3389 3391 3402 3403 3405 3406 3409 3412 3417 3424 3432 3441 3443 3454 3459 3469 3470 3472 3474 3479 3481 3482 3486 3489 3491 3495 3498 3512 3514 3519 3520 3527 3534 3540 3547 3548 3549 3551 3553 3562 3567 3568 3569 3577 3583 3591 3593 3598 3600 3601 3609 3610 3613 3614 3615 3619 3621 3624 3631 3637 3643 3646 3647 3661 3665 3669 3670 3674 3675 3676 3677 3678 3679 3682 3683 3684 3686 3687 3692 3693 3696 3698 3701 3702 3705 3706 3711 3715 3716 3722 3723 3728 3733 3734 3737 3738 3739 3745 3748 3750 3751 3755 3757 3762 3763 3764 3765 3767 3768 3773 3778 3780 3782 3784 3789 3793 3794 3798 3801 3806 3809 3817 3821 3824 3825 3836 3852 3853 3856 3859 3860 3862 3863 3869 3873 3874 3876 3879 3881 3883 3889 3894 3898 3900 3903 3908 3912 3915 3916 3919 3922 3927 3930 3932 3933 3934 3936 3938 3942 3944 3948 3949 3953 3958 3963 3966 3967 3968 3973 3977 3978 3980 3982 3986 3988 3991 3992 3996 3997 3999 4000 4007 4010 4019 4023 4025 4032 4037 4041 4046 4050 4051 4052 4059 4060 4061 4062 4063 4064 4076 4082 4083 4085 4086 4092 4100 4101 4102 4103 4109 4110 4115 4116 4120 4123 4125 4128 4133 4136 4140 4141 4142 4149 4157 4171 4177 4178 4179 4187 4193 4194 4198 4202 4205 4206 4207 4208 4210 4214 4215 4216 4218 4223 4225 4228 4229 4230 4232 4240 4244 4247 4249 4254 4261 4269 4273 4274 4275 4276 4277 4279 4285 4287 4289 4291 4294 4296 4297 4298 4299 4303 4304 4305 4308 4309 4310 4311 4313 4316 4318 4322 4323 4327 4334 4343 4345 4346 4349 4350 4361 4365 4369 4371 4373 4374 4376 4378 4379 4381 4382 4384 4385 4386 4391 4393 4394 4397 4399 4401 4403 4408 4410 4414 4415 4420 4422 4424 4428 4430 4434 4435 4436 4437 4448 4449 4450 4453 4456 4457 4459 4460 4467 4469 4470 4476 4483 4484 4496 4501 4506 4513 4517 4522 4523 4528 4533 4536 4540 4546 4560 4561 4562 4569 4580 4584 4588 4591 4592 4595 4598 4601 4602 4603 4610 4613 4618 4624 4629 4630 4632 4633 4635 4638 4641 4646 4647 4649 4652 4656 4658 4659 4660 4662 4663 4669 4671 4674 4681 4683 4686 4687 4688 4692 4694 4695 4698 4702 4707 4713 4714 4720 4722 4723 4725 4730 4731 4736 4737 4740 4745 4754 4756 4758 4759 4760 4763 4766 4769 4772 4773 4775 4777 4780 4781 4783 4784 4786 4788 4791 4796 4797 4802 4803 4810 4812 4814 4821 4825 4826 4828 4836 4839 4840 4841 4842 4843 4845 4849 4851 4860 4861 4863 4864 4866 4868 4870 4871 4878 4879 4880 4882 4885 4886 4887 4890 4893 4904 4905 4908 4911 4914 4916 4917 4919 4922 4923 4926 4927 4930 4931 4937 4940 4941 4942 4946 4949 4953 4954 4955 4956 4958 4960 4968 4970 4977 4980 4983 4986 4988 4991 4993 4995 4997 4999 5000
3 1 Sphere
-0.32477931751344213 0.8773553624423037 -0.23176016907245947 0.26655803672135153
1
48.039955 30.806398 45.976135 16.789682 71.322402
1000 501 505 513 516 517 520 521 522 523 527 528 530 531 535 538 539 540 541 548 549 553 556 557 560 561 563 565 566 568 570 574 575 577 578 580 583 584 589 593 594 599 600 601 603 605 606 607 609 611 612 616 619 620 622 626 628 629 630 632 633 637 643 645 647 648 650 651 654 655 658 659 665 666 667 670 671 673 675 679 683 685 689 692 694 695 699 705 706 707 708 714 717 718 721 722 725 731 734 735 737 738 739 740 742 743 744 746 747 756 758 761 763 764 765 773 776 780 783 784 787 788 793 797 799 802 805 810 811 812 816 817 821 822 823 827 829 835 836 838 840 842 847 848 850 851 854 855 856 857 858 859 861 862 865 868 870 878 880 881 882 886 888 891 895 896 898 899 900 904 905 910 911 913 914 915 916 917 918 921 928 936 938 939 942 943 946 948 955 960 963 971 974 976 979 980 982 984 988 993 999 1003 1004 1007 1009 1012 1014 1016 1018 1020 1023 1024 1036 1037 1038 1039 1046 1049 1051 1052 1053 1054 1056 1057 1060 1062 1063 1064 1067 1068 1069 1072 1073 1075 1077 1079 1083 1085 1088 1091 1094 1096 1099 1101 1103 1104 1105 1107 1113 1117 1118 1119 1122 1124 1125 1129 1133 1134 1136 1138 1140 1145 1146 1149 1150 1156 1157 1162 1165 1167 1170 1173 1176 1177 1178 1183 1186 1190 1192 1195 1199 1203 1204 1206 1207 1212 1214 1216 1217 1218 1220 1229 1233 1234 1236 1237 1240 1241 1244 1246 1247 1249 1253 1254 1261 1267 1270 1273 1274 1276 1278 1280 1285 1289 1294 1298 1304 1310 1313 1314 1315 1317 1318 1319 1320 1321 1322 1323 1324 1325 1326 1327 1329 1330 1331 1336 1342 1343 1345 1349 1350 1352 1353 1360 1361 1362 1363 1365 1369 1370 1374 1380 1381 1382 1385 1386 1389 1396 1399 1402 1404 1411 1414 1415 1418 1419 1420 1424 1429 1434 1436 1442 1446 1454 1455 1458 1459 1460 1461 1462 1463 1465 1466 1469 1470 1471 1474 1477 1479 1480 1481 1482 1484 1486 1487 1494 1497 1499 1500 1503 1504 1507 1508 1509 1517 1518 1519 1520 1522 1524 1526 1527 1528 1529 1532 1536 1537 1539 1542 1543 1545 1546 1547 1553 1557 1558 1565 1566 1569 1570 1571 1575 1576 1580 1584 1586 1587 1588 1593 1594 1595 1598 1600 1601 1605 1606 1607 1609 1610 1612 1614 1615 1618 1619 1620 1625 1626 1629 1631 1634 1635 1636 1638 1639 1641 1650 1654 1656 1657 1659 1660 1665 1666 1673 1675 1676 1678 1681 1682 1687 1689 1693 1695 1696 1697 1699 1700 1703 1707 1709 1719 1720 1722 1723 1726 1728 1731 1740 1744 1746 1752 1754 1766 1770 1771 1772 1774 1781 1789 1794 1833 1837 1850 1852 1860 1865 1867 1874 1878 1894 1901 1902 1903 1905 1917 1919 1922 1925 1929 1943 1945 1947 1950 1957 1959 1972 1980 1989 1991 1998 2003 2004 2013 2022 2028 2030 2031 2036 2038 2043 2046 2072 2079 2082 2085 2090 2096 2097 2109 2113 2134 2135 2138 2142 2144 2146 2148 2153 2160 2163 2167 2184 2186 2199 2207 2211 2223 2232 2240 2250 2253 2256 2257 2258 2262 2277 2279 2305 2318 2323 2324 2326 2339 2340 2343 2355 2363 2376 2385 2388 2391 2396 2406 2411 2425 2427 2428 2432 2434 2437 2447 2454 2456 2465 2477 2486 2490 2493 2504 2507 2509 2511 2517 2519 2521 2523 2524 2525 2537 2538 2544 2548 2554 2560 2566 2573 2577 2586 2592 2598 2600 2603 2612 2621 2624 2630 2635 2649 2650 2651 2665 2669 2684 2693 2696 2697 2714 2718 2721 2751 2758 2760 2761 2777 2782 2799 2800 2801 2802 2804 2805 2807 2817 2824 2833 2835 2841 2846 2847 2861 2862 2865 2878 2884 2885 2892 2897 2898 2902 2908 2910 2916 2922 2923 2924 2937 2957 2960 2974 2977 2979 2986 2988 2995 2996 3012 3017 3021 3042 3043 3049 3055 3056 3059 3074 3077 3081 3087 3094 3104 3107 3121 3134 3135 3137 3141 3148 3151 3153 3154 3165 3182 3220 3226 3227 3228 3247 3249 3251 3259 3271 3278 3284 3289 3296 3307 3321 3329 3333 3342 3344 3363 3373 3376 3381 3383 3384 3404 3410 3411 3421 3425 3438 3440 3452 3453 3456 3465 3490 3496 3500 3504 3506 3509 3510 3529 3532 3535 3542 3545 3554 3565 3566 3570 3571 3574 3589 3628 3633 3648 3652 3663 3667 3673 3704 3713 3718 3721 3729 3730 3746 3756 3758 3766 3775 3790 3792 3802 3804 3808 3814 3826 3827 3831 3832 3837 3843 3845 3849 3851 3857 3866 3875 3877 3880 3882 3895 3896 3904 3910 3917 3921 3924 3929 3941 3945 3952 3955 3960 3962 3971 3981 3983 3984 3989 3994 4003 4004 4006 4012 4026 4033 4035 4038 4043 4045 4053 4055 4056 4057 4065 4080 4087 4088 4091 4095 4104 4105 4108 4122 4126 4127 4131 4138 4146 4153 4154 4162 4164 4166 4174 4175 4185 4189 4196 4199 4201 4226 4245 4246 4252 4265 4288 4290 4314 4319 4320 4331 4333 4339 4340 4342 4351 4352 4356 4357 4358 4359 4362 4370 4389 4392 4398 4427 4454 4458 4474 4479 4482 4488 4492 4499 4503 4508 4515 4521 4524 4526 4529 4531 4534 4535 4538 4542 4543 4548 4556 4571 4572 4597 4599 4604 4606 4607 4621 4623 4628 4640 4642 4668 4672 4676 4680 4684 4685 4693 4701 4704 4708 4711 4712 4726 4732 4744 4748 4765 4792 4801 4806 4809 4813 4815 4816 4844 4858 4862 4875 4877 4888 4892 4894 4896 4899 4902 4910 4920 4924 4928 4939 4944 4950 4952 4957 4973 4974 4975 4984 4985 4987 4992 4994
3 1 Sphere
0.46699933688248557 0.8770322917624734 0.11159515216298359 0.01650759131136383
1
258.95117 66.222755 -107.270966 -117.16122 15.992740
1000 1 2 3 4 5 6 7 8 9 10 11 12 13 14 15 16 17 18 19 20 21 22 23 24 25 26 27 28 29 30 31 32 33 34 35 36 37 38 39 40 41 42 43 44 45 46 47 48 49 50 51 52 53 54 55 56 57 58 59 60 61 62 63 64 65 66 67 68 69 70 71 72 73 74 75 76 77 78 79 80 81 82 83 84 85 86 87 88 89 90 91 92 93 94 95 96 97 98 99 100 101 102 103 104 105 106 107 108 109 110 111 112 113 114 115 116 117 118 119 120 121 122 123 124 125 126 127 128 129 130 131 132 133 134 135 136 137 138 139 140 141 142 143 144 145 146 147 148 149 150 151 152 153 154 155 156 157 158 159 160 161 162 163 164 165 166 167 168 169 170 171 172 173 174 175 176 177 178 179 180 181 182 183 184 185 186 187 188 189 190 191 192 193 194 195 196 197 198 199 200 201 202 203 204 205 206 207 208 209 210 211 212 213 214 215 216 217 218 219 220 221 222 223 224 225 226 227 228 229 230 231 232 233 234 235 236 237 238 239 240 241 242 243 244 245 246 247 248 249 250 251 253 254 255 256 257 258 259 260 261 262 263 264 265 266 267 268 269 270 271 272 273 274 275 276 277 278 279 280 281 282 283 284 285 286 287 288 289 290 291 292 293 294 295 296 297 298 299 300 301 302 303 304 305 306 307 308 309 310 311 312 313 314 315 316 317 318 319 320 321 322 323 324 325 326 327 328 329 330 331 332 333 334 335 336 337 338 339 340 341 342 343 344 345 346 347 348 349 350 351 352 353 354 355 356 357 358 359 360 361 362 363 364 365 366 367 368 369 370 371 372 373 374 375 376 377 378 379 380 381 382 383 384 385 386 387 388 389 390 391 392 393 394 395 396 397 398 399 400 401 402 403 404 405 406 407 408 409 410 411 412 413 414 415 416 417 418 419 420 421 422 423 424 425 426 427 428 429 430 431 432 433 434 435 436 437 438 439 440 441 442 443 444 445 446 447 448 449 450 451 452 453 454 455 456 457 458 459 460 461 462 463 464 465 466 467 468 469 470 471 472 473 474 475 476 477 478 479 480 481 482 483 484 485 486 487 488 489 490 491 492 493 494 495 496 497 498 499 500 502 503 515 518 545 547 555 567 573 576 579 582 586 590 591 592 596 614 615 617 623 624 625 634 649 652 657 661 669 674 676 678 681 686 696 697 698 700 701 713 716 720 723 724 726 729 730 732 733 741 748 752 753 755 771 775 778 790 794 795 804 807 815 818 820 824 825 826 830 831 833 841 843 844 852 853 872 873 875 876 884 887 893 901 902 906 923 930 933 934 935 940 945 949 951 957 958 961 962 965 970 972 977 987 994 998 1000 1001 1010 1013 1022 1026 1028 1030 1032 1034 1040 1042 1044 1045 1048 1058 1059 1061 1065 1076 1081 1090 1092 1097 1102 1108 1110 1121 1127 1131 1132 1148 1152 1154 1166 1168 1174 1184 1196 1200 1208 1225 1227 1231 1243 1245 1252 1257 1263 1264 1265 1271 1272 1275 1279 1281 1284 1286 1287 1288 1291 1296 1297 1301 1316 1355 1356 1357 1359 1366 1367 1371 1373 1375 1378 1388 1393 1394 1406 1407 1410 1412 1417 1421 1422 1427 1437 1438 1444 1447 1448 1450 1451 1453 1473 1476 1478 1485 1491 1493 1501 1505 1506 1510 1511 1514 1515 1523 1525 1530 1534 1540 1541 1556 1561 1562 1563 1572 1579 1582 1589 1592 1599 1603 1604 1613 1623 1628 1640 1643 1647 1648 1649 1652 1653 1661 1667 1668 1671 1674 1683 1690 1691 1692 1705 1708 1711 1714 1717 1724 1725 1729 1730 1733 1738 1739 1743 1745 1747 1776 1778 1783 1793 1809 1823 1830 1835 1843 1854 1857 1864 1896 1912 1926 1933 1944 1952 1963 1966 1999 2000 2014 2019 2083 2088 2094 2100 2121 2122 2133 2145 2150 2158 2170 2182 2185 2187 2191 2218 2224 2227 2296 2320 2325 2327 2345 2352 2377 2387 2401 2415 2416 2426 2445 2450 2462 2475 2528 2531 2535 2545 2557 2558 2570 2605 2613 2627 2653 2659 2675 2679 2680 2794 2796 2803 2814 2815 2851 2863 2889 2904 2954 2955 2973 3016 3063 3071 3075 3090 3102 3115 3131 3168 3171 3202 3205 3218 3234 3241 3273 3302 3303 3317 3331 3338 3352 3367 3377 3388 3392 3394 3397 3414 3430 3436 3439 3460 3484 3508 3511 3523 3524 3526 3531 3555 3561 3563 3579 3582 3585 3594 3599 3618 3626 3627 3639 3653 3689 3707 3749 3752 3760 3776 3777 3795 3796 3812 3818 3828 3835 3842 3854 3886 3911 3939 3946 3969 3972 3976 4024 4067 4071 4073 4090 4097 4107 4114 4129 4135 4137 4147 4151 4155 4158 4160 4161 4170 4172 4224 4241 4243 4259 4266 4284 4293 4302 4326 4344 4405 4433 4441 4446 4487 4491 4493 4495 4519 4532 4544 4553 4558 4564 4566 4583 4590 4593 4596 4611 4614 4679 4689 4691 4706 4710 4716 4717 4724 4738 4749 4752 4761 4779 4790 4804 4817 4834 4850 4929 4932 4934 4948 4964 4978 4981 4989
3 1 Sphere
0.3498894554649562 -0.001850310324979866 -0.06540740552737107 -0.9345029783838658
1
73.58215 5.002177 4.9053674 -61.763756 15.996486
1000 504 506 507 508 509 510 511 512 514 519 524 525 526 529 532 533 534 536 537 542 543 544 546 550 551 552 554 558 559 562 564 569 571 572 581 585 587 588 595 597 598 602 604 608 610 613 618 621 627 631 635 636 638 639 640 641 642 644 646 653 656 660 662 663 664 668 672 677 680 682 684 687 688 690 691 693 702 703 704 709 710 711 712 715 719 727 728 736 745 749 750 751 754 757 759 760 762 766 767 768 769 770 772 774 777 779 781 782 785 786 789 791 792 796 798 800 801 803 806 808 809 813 814 819 828 832 834 837 839 845 846 849 860 863 864 866 867 869 871 874 877 879 883 885 889 890 892 894 897 903 907 908 909 912 919 920 922 924 925 926 927 929 931 932 937 941 944 947 950 952 953 954 956 959 964 966 967 968 969 973 975 978 981 983 985 986 989 990 991 992 995 996 997 1002 1005 1006 1008 1011 1015 1017 1019 1021 1025 1027 1029 1031 1033 1035 1041 1043 1047 1050 1055 1066 1070 1071 1074 1078 1080 1082 1084 1086 1087 1089 1093 1095 1098 1100 1106 1109 1111 1112 1114 1115 1116 1120 1123 1126 1128 1130 1135 1137 1139 1141 1142 1143 1144 1147 1151 1153 1155 1158 1159 1160 1161 1163 1164 1169 1171 1172 1175 1179 1180 1181 1182 1185 1187 1188 1189 1191 1193 1194 1197 1198 1201 1202 1205 1209 1210 1211 1213 1215 1219 1221 1222 1223 1224 1226 1228 1230 1232 1235 1238 1239 1242 1248 1250 1251 1255 1256 1258 1259 1260 1262 1266 1268 1269 1277 1282 1283 1290 1292 1293 1295 1299 1300 1302 1303 1305 1306 1307 1308 1309 1311 1312 1328 1332 1333 1334 1335 1337 1338 1339 1340 1341 1344 1346 1347 1348 1351 1354 1358 1364 1368 1372 1376 1377 1379 1383 1384 1387 1390 1391 1392 1395 1397 1398 1400 1401 1403 1405 1408 1409 1413 1416 1423 1425 1426 1428 1430 1431 1432 1433 1435 1439 1440 1441 1443 1445 1449 1452 1456 1457 1464 1467 1468 1472 1475 1483 1488 1489 1490 1492 1495 1496 1498 1502 1512 1513 1516 1521 1531 1533 1535 1538 1544 1548 1549 1550 1551 1552 1554 1555 1559 1560 1564 1567 1568 1573 1574 1577 1578 1581 1583 1585 1590 1591 1596 1597 1602 1608 1611 1616 1617 1621 1622 1624 1627 1630 1632 1633 1637 1642 1644 1645 1646 1651 1655 1658 1662 1663 1664 1669 1670 1672 1677 1679 1680 1684 1685 1686 1688 1694 1698 1701 1702 1704 1706 1710 1712 1713 1715 1716 1718 1721 1727 1732 1734 1735 1736 1737 1741 1742 1748 1749 1750 1760 1765 1775 1786 1788 1790 1792 1795 1799 1800 1801 1810 1814 1819 1820 1827 1834 1836 1845 1846 1849 1853 1861 1866 1877 1882 1883 1885 1890 1897 1907 1911 1935 1941 1953 1956 1968 1975 1983 1987 1992 2005 2020 2021 2026 2035 2039 2047 2065 2070 2073 2075 2087 2095 2099 2104 2105 2108 2114 2116 2124 2126 2130 2136 2137 2140 2149 2166 2180 2189 2193 2215 2216 2221 2225 2226 2230 2236 2241 2243 2245 2246 2251 2260 2265 2267 2275 2278 2285 2289 2295 2304 2306 2309 2313 2315 2317 2330 2335 2346 2348 2358 2362 2375 2379 2382 2393 2403 2405 2407 2424 2429 2440 2443 2460 2461 2467 2472 2476 2503 2510 2512 2514 2516 2527 2534 2540 2550 2561 2578 2582 2589 2591 2604 2611 2614 2618 2625 2626 2634 2637 2640 2641 2643 2645 2657 2666 2667 2670 2676 2677 2678 2682 2689 2692 2711 2712 2717 2743 2750 2755 2769 2771 2785 2790 2793 2795 2798 2808 2809 2812 2820 2831 2837 2840 2842 2844 2849 2852 2855 2857 2858 2868 2871 2882 2888 2893 2909 2915 2928 2934 2935 2940 2952 2953 2967 2980 2983 2992 3003 3018 3025 3034 3037 3044 3045 3046 3064 3065 3067 3076 3079 3083 3095 3097 3100 3123 3127 3133 3138 3142 3143 3144 3147 3166 3178 3185 3186 3188 3190 3194 3200 3207 3221 3224 3232 3237 3239 3250 3256 3257 3258 3264 3274 3277 3294 3297 3316 3319 3322 3326 3335 3346 3356 3357 3360 3368 3369 3385 3386 3398 3413 3416 3419 3420 3422 3429 3442 3449 3450 3457 3458 3467 3473 3480 3483 3494 3499 3513 3515 3530 3533 3536 3546 3550 3552 3557 3558 3572 3575 3576 3578 3580 3588 3590 3602 3606 3608 3611 3622 3623 3632 3636 3640 3642 3644 3649 3651 3656 3659 3666 3671 3685 3691 3717 3724 3726 3727 3731 3736 3742 3744 3769 3770 3774 3785 3797 3803 3810 3816 3820 3822 3823 3829 3830 3834 3838 3839 3840 3844 3847 3850 3858 3864 3878 3885 3887 3888 3890 3891 3892 3906 3909 3918 3926 3931 3935 3937 3940 3954 3957 3965 3979 3985 3987 4002 4005 4009 4013 4014 4017 4022 4029 4030 4034 4040 4042 4066 4072 4078 4081 4093 4098 4111 4112 4113 4118 4134 4150 4152 4165 4184 4186 4188 4190 4192 4195 4197 4200 4203 4217 4219 4220 4236 4250 4253 4255 4258 4260 4262 4278 4281 4282 4286 4292 4295 4325 4330 4336 4338 4348 4355 4367 4375 4377 4388 4395 4406 4407 4417 4432 4439 4440 4442 4443 4445 4447 4451 4452 4464 4466 4468 4471 4478 4480 4481 4494 4504 4512 4530 4539 4541 4549 4555 4573 4574 4578 4579 4586 4589 4600 4617 4637 4648 4653 4654 4657 4661 4666 4673 4697 4700 4705 4718 4721 4727 4729 4734 4741 4746 4747 4751 4755 4764 4774 4787 4789 4793 4807 4818 4819 4820 4823 4829 4837 4846 4847 4853 4855 4857 4872 4876 4895 4900 4909 4915 4918 4933 4936 4943 4969 4971 4979 4990
3 1 Sphere
0.46699933688248557 0.8770322917624734 0.11159515216298359 0.01650759131136383
1
135.29 -25.050137 -55.913715 -32.897324 15.999495
1000 1755 1757 1761 1763 1764 1768 1769 1779 1780 1784 1787 1797 1798 1804 1805 1812 1813 1815 1821 1822 1824 1828 1838 1839 1841 1842 1847 1856 1858 1863 1869 1870 1871 1873 1876 1879 1880 1881 1886 1889 1891 1892 1895 1898 1899 1900 1904 1908 1909 1915 1916 1918 1923 1924 1927 1928 1930 1931 1932 1936 1937 1940 1942 1948 1949 1951 1955 1958 1965 1967 1969 1970 1971 1973 1974 1976 1978 1979 1981 1984 1986 1988 1994 1996 1997 2001 2008 2009 2010 2011 2012 2015 2016 2017 2027 2029 2032 2041 2042 2044 2045 2050 2051 2053 2055 2058 2062 2063 2066 2071 2074 2078 2081 2089 2091 2093 2098 2101 2103 2111 2115 2125 2129 2139 2143 2152 2154 2155 2156 2157 2168 2171 2172 2173 2175 2176 2179 2183 2192 2194 2195 2196 2197 2198 2200 2202 2203 2204 2205 2208 2212 2228 2231 2234 2235 2238 2239 2242 2247 2248 2249 2254 2255 2264 2268 2270 2271 2273 2286 2287 2290 2292 2294 2297 2298 2299 2301 2303 2310 2312 2314 2321 2328 2331 2333 2334 2338 2342 2347 2353 2354 2356 2359 2360 2361 2366 2368 2374 2380 2389 2390 2395 2399 2402 2409 2412 2414 2418 2419 2420 2421 2422 2433 2435 2436 2438 2439 2444 2446 2453 2457 2458 2468 2469 2473 2474 2481 2482 2483 2484 2487 2494 2495 2496 2497 2501 2502 2506 2513 2515 2520 2526 2529 2530 2533 2542 2543 2546 2547 2551 2552 2553 2555 2559 2562 2564 2569 2571 2572 2575 2583 2584 2587 2593 2596 2599 2601 2607 2608 2609 2615 2617 2619 2623 2628 2632 2636 2639 2642 2644 2647 2648 2654 2655 2656 2658 2660 2671 2674 2683 2687 2688 2694 2698 2699 2700 2701 2704 2705 2708 2719 2720 2722 2725 2727 2728 2729 2740 2741 2746 2752 2753 2754 2756 2757 2763 2764 2767 2770 2772 2773 2774 2775 2778 2779 2783 2784 2786 2787 2788 2791 2797 2806 2810 2822 2823 2825 2826 2827 2828 2829 2830 2832 2834 2836 2843 2848 2850 2853 2859 2860 2864 2872 2873 2875 2876 2877 2879 2880 2881 2886 2887 2891 2899 2901 2906 2911 2918 2919 2925 2929 2930 2931 2933 2936 2938 2943 2945 2946 2948 2949 2950 2956 2958 2959 2963 2970 2975 2978 2981 2984 2985 2989 2991 2997 3000 3001 3006 3008 3020 3022 3024 3026 3027 3029 3030 3031 3033 3039 3048 3050 3057 3060 3061 3062 3066 3068 3072 3073 3078 3080 3085 3086 3092 3096 3098 3105 3106 3113 3114 3117 3119 3122 3129 3136 3139 3155 3156 3160 3162 3163 3169 3170 3173 3174 3180 3181 3183 3184 3187 3192 3193 3197 3201 3204 3206 3209 3210 3211 3212 3214 3217 3219 3225 3233 3235 3236 3242 3243 3245 3246 3248 3254 3260 3262 3265 3266 3268 3269 3279 3281 3283 3286 3291 3292 3295 3299 3310 3311 3312 3313 3315 3318 3320 3324 3328 3330 3332 3334 3337 3340 3341 3348 3349 3354 3355 3359 3366 3370 3371 3372 3374 3375 3379 3380 3387 3390 3393 3395 3396 3399 3400 3401 3407 3408 3415 3418 3423 3426 3427 3428 3431 3433 3434 3435 3437 3444 3445 3446 3447 3448 3451 3455 3461 3462 3463 3464 3466 3468 3471 3475 3476 3477 3478 3485 3487 3488 3492 3493 3497 3501 3502 3503 3505 3507 3516 3517 3518 3521 3522 3525 3528 3537 3538 3539 3541 3543 3544 3556 3559 3560 3564 3573 3581 3584 3586 3587 3592 3595 3596 3597 3603 3604 3605 3607 3612 3616 3617 3620 3625 3629 3630 3634 3635 3638 3641 3645 3650 3654 3655 3657 3658 3660 3662 3664 3668 3672 3680 3681 3688 3690 3694 3695 3697 3699 3700 3703 3708 3709 3710 3712 3714 3719 3720 3725 3732 3735 3740 3741 3743 3747 3753 3754 3759 3761 3771 3772 3779 3781 3783 3786 3787 3788 3791 3799 3800 3805 3807 3811 3813 3815 3819 3833 3841 3846 3848 3855 3861 3865 3867 3868 3870 3871 3872 3884 3893 3897 3899 3901 3902 3905 3907 3913 3914 3920 3923 3925 3928 3943 3947 3950 3951 3956 3959 3961 3964 3970 3974 3975 3990 3993 3995 3998 4001 4008 4011 4015 4016 4018 4020 4021 4027 4028 4031 4036 4039 4044 4047 4048 4049 4054 4058 4068 4069 4070 4074 4075 4077 4079 4084 4089 4094 4096 4099 4106 4117 4119 4121 4124 4130 4132 4139 4143 4144 4145 4148 4156 4159 4163 4167 4168 4169 4173 4176 4180 4181 4182 4183 4191 4204 4209 4211 4212 4213 4221 4222 4227 4231 4233 4234 4235 4237 4238 4239 4242 4248 4251 4256 4257 4263 4264 4267 4268 4270 4271 4272 4280 4283 4300 4301 4306 4307 4312 4315 4317 4321 4324 4328 4329 4332 4335 4337 4341 4347 4353 4354 4360 4363 4364 4366 4368 4372 4380 4383 4387 4390 4396 4400 4402 4404 4409 4411 4412 4413 4416 4418 4419 4421 4423 4425 4426 4429 4431 4438 4444 4455 4461 4462 4463 4465 4472 4473 4475 4477 4485 4486 4489 4490 4497 4498 4500 4502 4505 4507 4509 4510 4511 4514 4516 4518 4520 4525 4527 4537 4545 4547 4550 4551 4552 4554 4557 4559 4563 4565 4567 4568 4570 4575 4576 4577 4581 4582 4585 4587 4594 4605 4608 4609 4612 4615 4616 4619 4620 4622 4625 4626 4627 4631 4634 4636 4639 4643 4644 4645 4650 4651 4655 4664 4665 4667 4670 4675 4677 4678 4682 4690 4696 4699 4703 4709 4715 4719 4728 4733 4735 4739 4742 4743 4750 4753 4757 4762 4767 4768 4770 4771 4776 4778 4782 4785 4794 4795 4798 4799 4800 4805 4808 4811 4822 4824 4827 4830 4831 4832 4833 4835 4838 4848 4852 4854 4856 4859 4865 4867 4869 4873 4874 4881 4883 4884 4889 4891 4897 4898 4901 4903 4906 4907 4912 4913 4921 4925 4935 4938 4945 4947 4951 4959 4961 4962 4963 4965 4966 4967 4972 4976 4982 4996 4998 5001
1 252
