300 3
3 1 Sphere

162.27509 44.074173 12.881647 19.999701
100 1 2 3 4 5 6 7 8 9 10 11 12 13 14 15 16 17 18 19 20 21 22 23 24 25 26 27 28 29 30 31 32 33 34 35 36 37 38 39 40 41 42 43 44 45 46 47 48 49 50 52 65 74 76 77 85 88 92 93 97 102 105 106 109 110 111 113 119 124 134 151 157 160 163 165 166 178 185 197 209 214 216 218 222 224 231 233 240 247 250 257 262 264 265 267 270 276 282 287 300
3 1 Sphere

8.359614 14.319681 6.4114842 19.996863
100 54 56 57 58 59 61 64 67 68 69 70 71 72 79 82 87 90 91 96 99 100 101 104 114 116 117 118 121 123 125 126 128 129 131 133 137 140 143 146 149 150 158 169 170 171 172 174 175 176 177 179 184 188 192 193 194 195 196 201 206 207 208 210 215 217 219 220 221 223 225 226 227 228 232 238 243 244 245 248 249 251 252 256 266 268 269 272 273 274 275 277 278 284 286 290 292 293 296 297 298
3 1 Sphere

85.69742 9.946087 98.50809 19.993178
100 51 53 55 60 62 63 66 73 75 78 80 81 83 84 86 89 94 95 98 103 107 108 112 115 120 122 127 130 132 135 136 138 139 141 142 144 145 147 148 152 153 154 155 156 159 161 162 164 167 168 173 180 181 182 183 186 187 189 190 191 198 199 200 202 203 204 205 211 212 213 229 230 234 235 236 237 239 241 242 246 253 254 255 258 259 260 261 263 271 279 280 281 283 285 288 289 291 294 295 299
0
